$ANSIBLE_VAULT;1.1;AES256
34626663383535643738393633663439393139383338363033363762633030396435396261663638
3737373865653436653230623837363863333830373334300a313338343466373536303266303137
34316165626236623331363963393138383638663336366663393661346136646637376436346536
3538663366376636630a393261396435306231633665653464643838623831386630386663313364
39366364346532643030643266393666353830383431666232626466353939643931326461646437
62343337653131356364623665336564623430393662303934313932376365643634313437396165
39313231326465323365363833343762346134373337666432383230663036373430366465313434
38353365323737333139366634363934323232316263333932636338653034316362333235326435
30333430396435383835616631653139353137613061633963353762626434396363373064326636
61383731363364306634343235633432383033383035313739383432636164363166646532613437
31626536303561393466353566316338376536363965303062623136666138663938633037623131
31386663643361643236623237653663343461386438306130396630393531663437313765626138
38663765336336393763646263633530353835353263616139373765303236636130
